                                                                    FM TOWER                                                                 01-01-17
                                                                                                                                             19-06-26
Flat Sold Report                                                                                                     From Date
                                                                                                                      To Date:

Sr. FlatNo Size  Floor  Tower  Category  Date                        Name             Rate      Utility    Parking     Total     Receive     Balance

 1 A1001 1256      10       A     GOLD   20-11-19 ZULFIQAR KARIM ALI                8,540,800   3,200,000   600,000  11,740,800  11,700,000    40,800
                   10       A     GOLD                                              13,000,000  3,500,000            16,500,000  7,240,000   9,260,000
2 A1002 1256       10       A     GOLD   15-03-24 SUBHANUDDIN                       8,250,000   3,500,000   600,000  11,750,000  8,850,000   2,900,000
                   10       A     GOLD                                              11,500,000  3,500,000   600,000  15,000,000  11,500,000  3,500,000
3 A1004 1256       10       A     GOLD   08-09-21 MUHAMMAD ALI                      13,800,000  3,500,000   600,000  17,300,000  10,600,000  6,700,000
                   10       A     GOLD                                              8,540,800   3,500,000   600,000  12,040,800  9,030,000   3,010,800
4 A1005 1256       10       A     GOLD   05-05-23 ZULFIQAR ALI / NADIA ALI          8,540,800   3,500,000   600,000  12,040,800  6,500,000   5,540,800
                    1       A     GOLD                                              8,540,800   3,500,000   550,000  12,040,800  12,040,800
5 A1006 1256        1       A     GOLD   26-03-25 ATIF MAJEED                       6,500,000   3,500,000   600,000  10,000,000   500,000          0
                    1       A     GOLD                                              6,500,000   3,500,000            10,000,000  3,430,000   9,500,000
6 A1007 1256        1       A     GOLD   20-11-20 SAKINA BANO                       8,540,800   3,500,000   550,000  12,040,800  8,540,800   6,570,000
                    1       A     GOLD                                                          3,500,000   550,000  3,700,000    200,000    3,500,000
7 A1008 1256        1       A     GOLD   25-01-22 KARIM ALI                          200,000    3,500,000            12,040,800  6,600,000   3,500,000
                    1       A     GOLD                                              8,540,800   3,500,000            12,640,800  8,150,000   5,440,800
8  A101  1256      11       A     GOLD   23-01-19 SOHAIL                            8,540,800   3,500,000            12,040,800  7,500,000   4,490,800
                   11       A     GOLD                                              8,540,800   3,500,000            10,000,000  6,500,000   4,540,800
9  A102  1256      11       A     GOLD   16-03-20 ZEHRA WAZIR ALI LALANI            6,500,000   3,500,000            14,500,000  11,000,000  3,500,000
                   11       A     GOLD                                              11,000,000  3,500,000            11,750,000  8,250,000   3,500,000
10 A103 1256       11       A     GOLD   24-06-20 YASMEEN AMIN MUHAMMAD             8,250,000   3,500,000            13,500,000  7,251,476   3,500,000
                   11       A     GOLD                                              10,000,000  3,200,000            11,740,800  11,580,000  6,248,524
11 A105 1256       12       A     GOLD   25-01-19 ANILA                             8,540,800   3,500,000            12,040,800               160,800
                    2       A     GOLD                                              8,540,800   3,500,000            12,040,800        0     12,040,800
12 A106 1256        2       A     GOLD   21-07-20 AMBREEN SALEEM (GIFT)             8,540,800   3,500,000            12,040,800  8,058,000   3,982,800
                    2       A     GOLD                                              8,540,800   3,500,000            12,040,800  6,100,000   5,940,800
13 A107 1256        2       A     GOLD   27-05-19 FARID SULEMAN                     8,540,800   3,500,000            12,640,800  7,580,000   4,460,800
                    2       A     GOLD                                              8,540,800   3,500,000            12,040,800  7,100,000   5,540,800
14 A108 1256        2       A     GOLD   02-02-19 ZAIN UL ABDIN                     8,540,800   3,500,000            12,640,800  6,400,000   5,640,800
                    2       A     GOLD                                              8,540,800   3,200,000            11,740,800  9,283,000   3,357,800
15 A1101 1256       3       A     GOLD   22-10-20 RAFIQ NOOR ALI                    8,540,800   3,500,000            12,640,800  10,640,800  1,100,000
                    3       A     GOLD                                              8,540,800   3,500,000            12,040,800  8,550,000   4,090,800
16 A1102 1256       3       A     GOLD   30-12-23 IMRAN NOOR ALI                    8,540,800   3,500,000            12,640,800  7,641,000   4,399,800
                    3       A     GOLD                                              8,540,800   3,500,000            12,640,800  9,440,800   3,200,000
17 A1103 1256       3       A     GOLD   30-10-22 ABID ALI NOOR ALI                 8,540,800   3,500,000            13,500,000  8,420,000   4,220,800
                    3       A     GOLD                                              10,000,000                       8,548,000               13,500,000
18 A1104 1256       3       A     GOLD   23-05-25 IRSHAD ALI KHUAJA                 8,548,000        0               12,290,800        0     4,468,000
                    3       A     GOLD                                              8,540,800   3,200,000            12,040,800  4,080,000   2,760,800
19 A1105 1256       3       A     GOLD   14-10-25 AMIR ALI                          8,540,800   3,500,000            12,640,800  9,530,000   3,620,800
                    4       A     GOLD                                              8,540,800   3,500,000            12,040,800  8,420,000   4,425,800
20 A1106 1256       4       A     GOLD   30-03-25 FARIDA PATEL                      8,540,800   3,500,000            11,740,800  8,215,000   4,225,800
                    4       A     GOLD                                              8,540,800   3,200,000            15,200,000  7,815,000   4,295,800
21 A1206 1256       4       A     GOLD   11-08-20 ZEESHAN NOOR ALI                  11,700,000  3,500,000            12,040,800  7,445,000   7,060,000
                    4       A     GOLD                                              8,540,800   3,500,000            11,900,000  8,140,000   4,985,800
22 A201 1256        4       A     GOLD   08-04-19 SUMAIRA                           8,700,000   3,200,000            12,590,800  7,055,000
                    4       A     GOLD                                              8,540,800   3,500,000            11,740,800  11,844,950    55,050
23 A202 1256        4       A     GOLD   08-04-19 MURAD ALI KHUWAJA                 8,540,800   3,200,000            11,840,800  9,535,000   3,055,800
                    5       A     GOLD                                              8,540,800   3,300,000            12,040,800  11,340,000   400,800
24 A203 1256        5       A     GOLD   18-06-19 NAZLEEN ALI RAZA                  8,540,800   3,500,000            12,040,800  11,620,000   220,800
                    5       A     GOLD                                              8,540,800   3,500,000            12,590,800  7,500,090   4,540,710
25 A204 1256        5       A     GOLD   07-03-19 NAZIM RATANI                      8,540,800   3,500,000            12,040,800  5,750,000   6,290,800
                                                                                    8,540,800   3,500,000                        7,055,000   5,535,800
26 A205 1256                             24-02-19 SAIRA RAJANI                                                                   7,690,000   4,350,800

27 A206 1256                             19-03-19 SHAHNAZ RAMZAN ALI

28 A208 1256                             11-05-19 AL AMIN ALLAUDDIN

29 A301 1256                             01-04-19 ALMAS RAHIM BASARIA

30 A302 1256                             23-01-19 ALTAF HUSSAIN FATEH DIN

31 A303 1256                             30-11-19 NEEK BANO

32 A304 1256                             30-01-19 NADIA JAMEEL

33 A305 1256                             24-08-23 ROZMIN/RAHEEM

34 A305 1256                             21-01-19 FAUZIA PESNANI

35 A306 1256                             12-03-22 RIAZ AKBER ALI

36 A307 1256                             02-07-21 FARKHUNDA KAMRAN

37 A308 1256                             04-05-19 HAMIDA AMIN

38 A401 1256                             31-12-19 SALIMA SALIM MAKHANI

39 A402 1256                             16-05-19 RAZIA MAREDIA

40 A403 1256                             05-03-24 SAJJAD HUSSAIN

41 A404 1256                             25-01-19 JAWAID ALI KHOWAJA

42 A405 1256                             05-06-21 ABBAS SAMNANI

43 A406 1256                             22-07-20 GULSHAN

44 A407 1256                             02-08-19 ABDUL MAJEED

45 A408 1256                             12-09-19 GULBANO NOORANI

46 A501 1256                             23-01-19 AIJAZ KARIM

47 A502 1256                             11-10-20 ANIS IRFAN

48 A503 1256                             21-05-19 SALMAN SADRUDDIN

49 A504 1256                             26-12-19 ZOHRA CHAROLIA

                                                                            Page 1
                                                                   FM TOWER                                                                 01-01-17
                                                                                                                                            19-06-26
Flat Sold Report                                                                                                    From Date
                                                                                                                     To Date:

Sr. FlatNo Size  Floor  Tower  Category  Date                        Name            Rate      Utility    Parking     Total     Receive     Balance

50 A505 1256        5       A     GOLD   25-01-19 SAMEER                           8,540,800   3,200,000       0    11,740,800  8,280,000   3,460,800
51 A506 1256        5       A     GOLD                                             16,000,000  3,500,000       0    19,500,000  7,530,000   11,970,000
52 A507 1256        5       A     GOLD   13-09-23 SHEREZA                          8,540,800   3,500,000   800,000  12,040,800  3,770,000   8,270,800
53 A508 1256        5       A     GOLD                                             8,540,800   3,200,000       0    11,740,800  10,805,000
54 A601 1256        6       A     GOLD   14-03-19 MUNIR MUMTAZ                     11,500,000  3,500,000   700,000  15,000,000  8,935,000    935,800
55 A602 1256        6       A     GOLD                                             6,500,000   3,500,000   600,000  10,800,000  8,250,000   6,065,000
56 A603 1256        6       A     GOLD   14-03-19 SAMEER ALI                       8,540,800   3,500,000            12,040,800  8,780,000   2,550,000
57 A604 1256        6       A     GOLD                                             12,000,000  3,500,000   600,000  16,200,000  5,500,000   3,260,800
58 A605 1256       12       A     GOLD   25-08-23 EJAZ ALI JUMANI                  10,000,000  3,200,000            13,200,000  13,000,000  10,700,000
59 A606 1256        6       A     GOLD                                             9,500,000   3,500,000   600,000  13,600,000  10,100,000   200,000
60 A607 1256        6       A     GOLD   06-02-21 OWAIS                            6,500,000   3,500,000            10,000,000  6,500,000   3,500,000
61 A608 1256        6       A     GOLD                                             8,540,800   3,500,000   600,000  12,040,800  6,795,000   3,500,000
62 A701 1256        7       A     GOLD   23-11-19 NAFEESA ALI                      10,000,000  3,500,000   600,000  13,500,000  10,000,000  5,245,800
63 A702 1256        7       A     GOLD                                             8,540,800   3,500,000            12,640,800  8,750,000   3,500,000
64 A703 1256        7       A     GOLD   17-03-24 ASHIQ ALI                        8,540,800   3,500,000       0    12,040,800  6,775,000   3,890,800
65 A704 1256        7       A     GOLD                                             11,000,000  3,500,000   600,000  14,500,000  11,000,000  5,265,800
66 A705 1256        7       A     GOLD   21-08-23 MEHREEN SALEEM                   7,500,000   3,500,000   550,000  11,000,000  7,300,000   3,500,000
67 A706 1256        7       A     GOLD                                             8,500,000   3,500,000            12,000,000  8,500,000   3,700,000
68 A707 1256        7       A     GOLD   08-10-22 TAUFIQ TAJ DIN VIRANI            8,500,000   3,500,000   600,000  12,000,000  7,700,000   3,500,000
69 A708 1256        7       A     GOLD                                             8,500,000   3,500,000   600,000  12,000,000  8,500,000   4,300,000
70 A801 1256        8       A     GOLD   01-11-21 MEHDI MOHAMMAD                   8,540,800   3,300,000            11,840,800  10,390,800  3,500,000
71 A802 1256        8       A     GOLD                                             8,540,800   3,200,000            11,740,800  10,612,800  1,450,000
72 A803 1256        8       A     GOLD   11-08-20 MURAD ZULFIQAR ALI               8,540,800   3,200,000            11,740,800  10,111,800  1,128,000
73 A804 1256        8       A     GOLD                                             7,800,000   3,500,000            11,300,000  8,400,000   1,629,000
74 A805 1256        8       A     GOLD   20-06-23 SAMINA / SALIM LALANI            6,500,000   3,500,000            10,000,000  6,500,000   2,900,000
75 A806 1256        8       A     GOLD                                             8,540,800   3,500,000            12,040,800  7,460,000   3,500,000
76 A807 1256        8       A     GOLD   04-03-19 SAMINA IQBAL                     6,500,000   3,500,000            10,000,000  6,500,000   4,580,800
77 A808 1256        8       A     GOLD                                             10,300,000  3,500,000            14,400,000  9,000,000   3,500,000
78 A901 1256        9       A     GOLD   18-04-19 AMBREEN NOOR ALI                 8,540,800   3,500,000            12,040,800  8,500,000   5,400,000
79 A902 1256        9       A     GOLD                                             8,540,800   3,500,000            12,040,800  8,500,000   3,540,800
80 A904 1256        9       A     GOLD   18-10-22 TAUFIQ TAJUDDIN VIRANI           7,800,000   3,500,000            11,300,000  8,400,000   3,540,800
81 A905 1256        9       A     GOLD                                             12,200,000  3,500,000            15,700,000  10,170,000  2,900,000
82 A906 1256        9       A     GOLD   22-10-21 HAMIDA KAREDIA                   8,540,800   3,500,000            12,040,800  6,470,000   5,530,000
83 A907 1256        9       A     GOLD                                             8,540,800   3,500,000            12,640,800  9,530,000   5,570,800
84 A908 1256        9       A     GOLD   04-02-23 AHAD RIAZ ALI                    8,540,800   3,500,000            12,040,800  7,945,000   3,110,800
85 B1001 1256      10       B     GOLD                                             9,000,000   3,500,000            13,100,000  7,700,000   4,095,800
86 B1002 1256      10       B     GOLD   24-02-23 RIAZ ALI                         8,540,800   3,500,000            12,040,800  7,505,061   5,400,000
87 B1003 1256      10       B     GOLD                                             8,540,800   3,200,000            11,740,800  8,773,000   4,535,739
88 B1004 1256      10       B     GOLD   28-02-23 NAUSHAD ALI                      6,500,000   3,500,000            10,000,000  6,500,000   2,967,800
89 B1005 1256      10       B     GOLD                                             6,500,000   3,500,000            10,000,000  6,500,000   3,500,000
90 B1007 1256      10       B     GOLD   23-10-18 YASMEEN M ASWANI                 10,000,000  3,500,000            14,100,000  11,900,000  3,500,000
91 B1008 1256      10       B     GOLD                                             10,450,000  3,500,000            14,500,000  10,529,060  2,200,000
92 B101 1256        1       B     GOLD   11-09-21 BARKAT ALI                       8,540,800   3,500,000            12,040,800  10,562,000  3,970,940
93 B104 1256        1       B     GOLD                                             8,540,800   3,500,000            12,040,800  4,265,000   1,478,800
94 B105 1256        1       B     GOLD   22-09-20 ZAHIR                            6,500,000   3,500,000            10,000,000   200,000    7,775,800
95 B106 1256        1       B     GOLD                                             8,540,800   3,200,000            12,340,800  9,340,000   9,800,000
96 B107 1256        1       B     GOLD   08-09-21 MOHIBA IRSHAD ALI                8,540,800   3,500,000            12,040,800  5,755,000   3,000,800
97 B108 1256        1       B     GOLD                                             8,540,800   3,500,000            12,040,800  7,280,000   6,285,800
98 B1101 1256      11       B     GOLD   11-02-21 FAHEEM NOOR ALI KHUAJA           8,540,800   3,500,000            12,640,800  6,896,000   4,760,800
                                                                                                                                            5,744,800
                                         14-03-21 SHAN E ALI

                                         01-11-21 MEHDI MOHAMMAD

                                         13-04-19 NAVEED ALI DINA

                                         21-04-19 GULZAR ASLAM BHAMANI

                                         10-02-19 SANIA MUHAMMAD ALI

                                         08-09-21 SHAHANA ALI

                                         21-04-19 SHER ALI

                                         20-11-20 SUNITA NOOR ALI

                                         26-01-21 NAZAR ALI NOOR ALI

                                         04-05-19 ALMAS MANSOOR ALI

                                         16-04-21 AMINA ASARIA

                                         16-07-20 ASHRAFA

                                         22-07-20 ROZINA ZAHID

                                         25-01-22 FARHAN

                                         25-10-22 FARHAN

                                         11-04-22 SALIMA

                                         23-03-22 NOOR UL AMIN

                                         01-05-20 MALIK KHUWAJA

                                         16-12-21 ALTAF HUSSAIN RUPANI

                                         14-11-19 SALEEM

                                         13-03-19 ALI ASLAM BAWA

                                         24-01-19 SHIRAZ SHAMSUDDIN

                                         25-01-19 SOHAIL SULTAN ALI

                                         11-12-19 BARKAT ALI

                                                                           Page 2
                                                                     FM TOWER                                                                   01-01-17
                                                                                                                                                19-06-26
Flat Sold Report                                                                                                        From Date
                                                                                                                         To Date:

Sr. FlatNo Size  Floor  Tower  Category  Date                        Name                Rate      Utility    Parking     Total     Receive     Balance

99 B1102 1256      11       B     GOLD   01-02-19 NIZAR ALI FEROZ ALI                  8,540,800   3,200,000   600,000  11,740,800  10,540,800  1,200,000
100 B1103 1256     11       B     GOLD                                                 8,540,800   3,200,000   550,000  11,740,800  8,540,800   3,200,000
101 B1104 1256     11       B     GOLD   30-05-19 HINA IQBAL                           8,540,800   3,200,000   550,000  11,740,800  7,800,000   3,940,800
102 B1105 1256     11       B     GOLD                                                 8,540,800   3,200,000   600,000  11,740,800  11,014,800   726,000
103 B1106 1256     11       B     GOLD   01-02-19 ZULFIQAR ALI                         8,540,800   3,200,000   550,000  11,740,800  10,262,800  1,478,000
104 B1107 1256     11       B     GOLD                                                 11,800,000  3,200,000            15,000,000  15,000,000
105 B1108 1256     11       B     GOLD   12-04-21 AMIN MUHAMMAD KHOJA                  11,900,000  3,200,000   800,000  15,100,000  12,900,000        0
106 B1203 1256     12       B     GOLD                                                 8,540,800   3,500,000            12,040,800  5,995,000   2,200,000
107 B1204 1256     12       B     GOLD   01-06-21 PYAR ALI MOMIN                       10,500,000  3,200,000   600,000  13,700,000              6,045,800
108 B1207 1256     12       B     GOLD                                                 12,500,000  3,500,000   600,000  16,000,000        0     13,700,000
109 B1208 1256     12       B     GOLD   08-11-22 NOOR SULTANA                         12,500,000  3,500,000   600,000  16,000,000  16,000,000
110 B201 1256       2       B     GOLD                                                 8,540,800   3,500,000   600,000  12,640,800  13,050,000        0
111 B202 1256       2       B     GOLD   15-04-23 RAHIM                                8,540,800   3,500,000   600,000  12,040,800  8,550,000   2,950,000
112 B204 1256       2       B     GOLD                                                 8,540,800   3,500,000   600,000  12,040,800  7,200,000   4,090,800
113 B205 1256       2       B     GOLD   23-09-20 ABBAS ALI HUSSAIN                    8,540,800   3,500,000            12,040,800  5,829,000   4,840,800
114 B206 1256       2       B     GOLD                                                 8,540,800   3,500,000            12,590,800  6,100,000   6,211,800
115 B207 1256       2       B     GOLD   03-05-26 ALISHAN                              8,540,800   3,500,000            12,040,800  8,090,000   5,940,800
116 B208 1256       2       B     GOLD                                                 8,540,800   3,500,000            12,590,800  7,840,000   4,500,800
117 B301 1256       3       B     GOLD   06-11-24 SAIMA SADRUDDIN                      8,540,800   3,500,000            12,640,800  7,730,000   4,200,800
118 B302 1256       3       B     GOLD                                                 8,540,800   3,200,000            11,740,800  5,050,000   4,860,800
119 B303 1256       3       B     GOLD   05-06-23 SHAHARYAR MALIK LALANI               8,540,800   3,500,000            12,040,800  8,020,000   7,590,800
120 B304 1256       3       B     GOLD                                                 8,540,800   3,500,000            12,590,800  8,700,000   3,720,800
121 B305 1256       3       B     GOLD   23-01-19 SHAMIM RAHIM BASARIA / SHAWKAT ALI   8,540,800   3,500,000            12,040,800  8,650,000   3,340,800
122 B306 1256       3       B     GOLD                                                 8,540,800   3,500,000            12,040,800  5,945,000   3,940,800
123 B307 1256       3       B     GOLD   11-06-20 ARISHA AIJAZ                         8,540,800   3,500,000            12,040,800  8,285,000   6,095,800
124 B308 1256       3       B     GOLD                                                 8,540,800   3,500,000            12,040,800  5,400,000   3,755,800
125 B401 1256       4       B     GOLD   15-06-20 ALI HUSSAIN KHAN SAMSAM              8,540,800   3,500,000            12,840,800  7,690,000   6,640,800
126 B402 1256       4       B     GOLD                                                 8,540,800   3,500,000            12,040,800  10,640,800  4,350,800
127 B403 1256       4       B     GOLD   15-06-20 SHAHRAYR ARIF                        8,540,800   3,200,000            11,740,800  8,565,000   2,200,000
128 B404 1256       4       B     GOLD                                                 8,540,800   3,200,000            11,740,800  11,510,000  3,475,800
129 B405 1256       4       B     GOLD   15-06-20 ELIZA VINCATASSIN                    8,540,800   3,500,000            12,040,800  8,830,052    230,800
130 B406 1256       4       B     GOLD                                                 8,540,800   3,500,000            12,640,800  8,140,000   2,910,748
131 B407 1256       4       B     GOLD   03-10-19 SALEEMA GULZAR                       8,540,800   3,500,000            12,040,800  8,720,000   3,900,800
132 B408 1256       4       B     GOLD                                                 8,540,800   3,500,000            12,640,800  7,750,000   3,920,800
133 B501 1256       5       B     GOLD   23-01-19 SAMIR MAKNOJIA                       8,540,800   3,500,000            12,040,800  8,720,000   4,290,800
134 B502 1256       5       B     GOLD                                                 8,540,800   3,500,000            12,040,800  6,537,500   3,920,800
135 B503 1256       5       B     GOLD   17-04-19 IQBAL BANU                           13,000,000  3,500,000            16,500,000  6,237,500   5,503,300
136 B504 1256       5       B     GOLD                                                 8,540,800   3,500,000            12,640,800  7,823,500   5,803,300
137 B505 1256       5       B     GOLD   02-04-19 NOOR UDDIN PASNANI                   8,540,800   3,500,000            12,040,800  9,155,000   8,676,500
138 B506 1256       5       B     GOLD                                                 8,540,800   3,500,000            12,040,800  6,930,000   3,485,800
139 B507 1256       5       B     GOLD   18-02-19 IJLAL HUSSAIN SADIQ SHAH             8,540,800   3,500,000            12,640,800  6,410,000   5,110,800
140 B508 1256       5       B     GOLD                                                 8,540,800   3,500,000            12,040,800  9,853,000   5,630,800
141 B601 1256       6       B     GOLD   22-03-19 KARIMA SIKANDER LALANI               14,500,000  3,200,000            17,700,000  8,100,000   2,787,800
142 B602 1256       6       B     GOLD                                                 8,540,800   3,500,000            12,040,800  10,297,000  3,940,800
143 B603 1256       6       B     GOLD   28-05-19 ZULFIQAR WAZIR ALI                   8,540,800   3,500,000            12,640,800  7,500,000   7,403,000
144 B604 1256       6       B     GOLD                                                 15,500,000  3,500,000            19,000,000  10,190,800  4,540,800
145 B605 1256       6       B     GOLD   26-01-19 SUNIL ALI                            8,540,800   3,500,000            12,040,800  11,450,000  2,450,000
146 B606 1256       6       B     GOLD                                                 8,540,800   3,500,000            12,040,800  7,887,500   7,550,000
147 B607 1256       6       B     GOLD   31-01-19 DEEDAR ALI KHUWAJA                   8,540,800   3,500,000            12,640,800  6,500,000   4,153,300
                                                                                                                                    6,690,000   5,540,800
                                         26-12-19 BABU BHAI DHUKA                                                                               5,950,800

                                         16-06-20 BAHADUR ALI

                                         17-04-19 SAJID BHUDWANI

                                         03-06-19 IMTIAZ ALI LADJEE

                                         03-06-19 RAMEEZ KHOWAJA

                                         23-11-19 MURAD DAWOOD

                                         06-03-19 MINHAS NAYANI

                                         30-06-20 AMIN BACHLANI

                                         04-03-19 BARKAT ALI SABZ ALI

                                         15-11-19 SHEZAD ALI

                                         15-11-19 SHEHZAD ALI

                                         29-09-23 NADEEM

                                         12-04-19 KHUSH AHMED DIN

                                         04-03-19 SHAHNAWAZ NOOR ALI

                                         15-11-19 BEENISH SUNESARA

                                         14-03-19 SHAMIM KHUWAJA

                                         06-12-19 IQBAL ALI NAZAR ALI

                                         25-02-25 KARIM KHAN

                                         02-03-19 MAJEED ULLAH BAIG

                                         29-10-20 NOUREEN SALEEM

                                         03-02-24 TASIR UDDIN

                                         20-01-21 MALIK PIRANI / SEEMA PIRANI

                                         20-01-21 KARIM ALI

                                         28-11-19 SYED ALI

                                                                               Page 3
                                                                      FM TOWER                                                                     01-01-17
                                                                                                                                                   19-06-26
Flat Sold Report                                                                                                           From Date
                                                                                                                            To Date:

Sr. FlatNo Size  Floor  Tower  Category  Date                         Name                  Rate      Utility    Parking     Total     Receive     Balance

148 B608 1256       6       B     GOLD   20-11-19 HAMIDA KAREDIA                          6,500,000   3,500,000   600,000  10,000,000  6,200,000   3,800,000
149 B701 1256       6       B     GOLD                                                    8,540,800   3,500,000   550,000  12,040,800  6,005,000   6,035,800
150 B702 1256       6       B     GOLD   19-11-19 IMTIAZ ALI KHUWAJA                      11,500,000  3,200,000   600,000  14,700,000  12,700,000  2,000,000
151 B703 1256       6       B     GOLD                                                    16,500,000  3,500,000   600,000  20,000,000  8,250,000   11,750,000
152 B704 1256       6       B     GOLD   01-01-24 NASIRUDDIN\FARIDA                       11,000,000  3,500,000            14,500,000  5,000,000   9,500,000
153 B705 1256       6       B     GOLD                                                    8,540,800   3,500,000   500,000  12,040,800  6,230,794   5,810,006
154 B706 1256       6       B     GOLD   22-10-23 PERVEZ BIBI                             8,540,800   3,500,000   600,000  12,040,800  8,905,000   3,135,800
155 B707 1256       6       B     GOLD                                                    8,600,000   3,500,000            12,700,000  8,300,000   4,400,000
156 B708 1256       6       B     GOLD   10-11-24 NAVEED KHOWAJA                          10,500,000  3,500,000   550,000  14,550,000  12,490,000  2,060,000
157 B801 1256       8       B     GOLD                                                    11,200,000  3,500,000   600,000  14,700,000  9,540,000   5,160,000
158 B802 1256       8       B     GOLD   10-02-20 NOOR JAHAN                              11,200,000  3,500,000   600,000  14,700,000  9,540,000   5,160,000
159 B803 1256       8       B     GOLD                                                    8,540,800   3,500,000            12,040,800  6,550,000   5,490,800
160 B804 1256       8       B     GOLD   19-02-19 ANIL MOMIN, AMBREEN MOMIN               8,540,800   3,500,000            12,040,800  8,442,000   3,598,800
161 B805 1256       8       B     GOLD                                                    8,540,800                        8,540,800   6,800,000   1,740,800
162 B806 1256       8       B     GOLD   18-07-21 RAHIM/ ROZMIN                           9,975,000        0               13,775,000  2,800,000   10,975,000
163 B807 1256       8       B     GOLD                                                    8,000,000   3,200,000            11,500,000  8,000,000   3,500,000
164 B808 1256       8       B     GOLD   01-10-21 RASHIDA                                 8,000,000   3,500,000            11,500,000  8,000,000   3,500,000
165 B901 1256       9       B     GOLD                                                    8,540,800   3,500,000            11,740,800  8,841,690   2,899,110
166 B902 1256       9       B     GOLD   28-05-22 M.KHALIL QAMARUDDIN                     8,540,800   3,200,000            12,640,800  8,170,000   4,470,800
167 B903 1256       9       B     GOLD                                                    10,000,000  3,500,000            13,500,000  7,675,000   5,825,000
168 B904 1256       9       B     GOLD   28-05-22 PARVEEN KHALIL                          8,540,800   3,500,000            11,740,800  7,265,000   4,475,800
169 B905 1256       9       B     GOLD                                                    6,500,000   3,200,000            10,000,000  6,500,000   3,500,000
170 B906 1256       9       B     GOLD   23-01-21 SALIMA REHMANI                          8,540,800   3,500,000            12,040,800  7,057,500   4,983,300
171 B907 1256       9       B     GOLD                                                    10,500,000  3,500,000            14,000,000  9,500,000   4,500,000
172 B908 1256       9       B     GOLD   26-01-19 REHMAT ALI                              8,540,800   3,500,000            12,040,800  7,006,750   5,034,050
173 C1004 1745     10       C  PLATINUM                                                   14,500,000  3,500,000            19,000,000  15,000,000  4,000,000
174 C1005 1745     10       C  PLATINUM  09-01-20 AMIR ALI LAKHANI                        9,500,000   4,000,000            13,500,000  9,500,000   4,000,000
175 C1006 1745     10       C  PLATINUM                                                   9,500,000   4,000,000            13,500,000  9,500,000   4,000,000
176 C102 1745       1       C  PLATINUM  15-03-26 ASIF ALI                                11,866,000  4,000,000            16,466,000  11,905,000  4,561,000
177 C103 1745       1       C  PLATINUM                                                   11,866,000  4,000,000            15,866,000  16,100,000   -234,000
178 C104 1745       1       C  PLATINUM  28-09-20 YASMEEN NIZAR ALI                       9,000,000   4,000,000            12,500,000  9,000,000   3,500,000
179 C105 1745       1       C  PLATINUM                                                   9,000,000   3,500,000            13,000,000  9,000,000   4,000,000
180 C106 1745       1       C  PLATINUM  28-09-20 YASMEEN NIZAR ALI                       11,866,000  4,000,000            15,866,000  11,537,500  4,328,500
181 C1104 1745     11       C  PLATINUM                                                   11,866,000  4,000,000            15,866,000  9,450,000   6,416,000
182 C1105 1745     11       C  PLATINUM  19-05-21 ZOHRA MOMIN                             11,866,000  4,000,000            15,866,000  12,266,000  3,600,000
183 C1106 1745     11       C  PLATINUM                                                   9,000,000   4,000,000            13,000,000  9,000,000   4,000,000
184 C1204 1745     12       C  PLATINUM  12-04-19 FOZIA KIRAN                             20,000,000  4,000,000            24,000,000  7,700,000   16,300,000
185 C201 1745       2       C  PLATINUM                                                   11,866,000  4,000,000            15,866,000  10,874,000  4,992,000
186 C202 1745       2       C  PLATINUM  23-01-19 NOOR DIN BARKAT ALI                     11,866,000  4,000,000            15,866,000  6,925,000   8,941,000
187 C203 1745       2       C  PLATINUM                                                   11,866,000  4,000,000            16,116,000  11,275,000  4,841,000
188 C204 1745       2       C  PLATINUM  25-04-21 DEEDAR ALI MOMIN                        11,866,000  3,700,000            15,566,000  9,500,000   6,066,000
189 C205 1745       2       C  PLATINUM                                                   11,866,000  3,700,000            15,866,000  4,775,000   11,091,000
190 C206 1745       2       C  PLATINUM  25-01-22 FARHAN (INVESTMENT)                     11,866,000  4,000,000            15,866,000  4,775,000   11,091,000
191 C301 1745       3       C  PLATINUM                                                   19,000,000  4,000,000            22,700,000  18,373,000  4,327,000
192 C302 1745       3       C  PLATINUM  03-10-19 QURBAN ALI MOMIN                        11,866,000  3,700,000            15,866,000  10,387,500  5,478,500
193 C303 1745       3       C  PLATINUM                                                   11,866,000  4,000,000            16,466,000  13,716,000  2,750,000
194 C304 1745       3       C  PLATINUM  15-01-22 SHAHZAIB SADRUDDIN\ SHAYAN SADRUDDIN    11,866,000  4,000,000            15,866,000  7,150,000   8,716,000
195 C305 1745       3       C  PLATINUM                                                   11,866,000  4,000,000            16,466,000  14,350,000  2,116,000
196 C306 1745       3       C  PLATINUM  07-01-20 SANIYA SHAMS SAMNANI                    11,866,000  4,000,000            11,866,000  5,875,000   5,991,000

                                         04-06-22 RASHEEDA JAMAL                                           0

                                         08-09-21 AKTER ALI KHUAJA

                                         08-09-21 AKTER ALI

                                         20-07-20 NOUREEN SALEEM

                                         08-04-19 MAJID

                                         23-01-19 NAUSHAD ALI RAJAB ALI

                                         23-01-19 RIAZ ALI RAJAB ALI

                                         20-01-19 SHAHNAZ HANIF NANJI

                                         20-11-19 MALIK

                                         23-01-19 SOHAIL SHAMSUDDIN

                                         25-01-22 NIZAR ALI

                                         01-05-23 AMINA ASARIA

                                         08-01-21 RAHEEM RAMZAN ALI

                                         02-04-19 PARVEEN WAZIR ALI LALANI

                                         15-02-19 FAISAL SULEMAN

                                         23-01-19 ZOHRA ALTAF HUSSAIN

                                         15-02-19 TASLEEM ALI

                                         15-02-19 IRFAN AHMED

                                         18-02-23 M ALI

                                         21-01-21 KIRAN GILANI

                                         11-06-22 ALI MUSTAFA

                                         30-01-19 SEHRISH

                                         05-09-21 SAHIB KHAN

                                         23-01-19 ALTAF HUSSAIN RUPANI / GULSHAN

                                                                                  Page 4
                                                                   FM TOWER                                                                     01-01-17
                                                                                                                                                19-06-26
Flat Sold Report                                                                                                        From Date
                                                                                                                         To Date:

Sr. FlatNo Size  Floor  Tower  Category  Date                      Name                  Rate      Utility    Parking     Total     Receive     Balance

197 C306 1745       3       C  PLATINUM  10-04-26 AHSAN ALI MOHBANI                    17,000,000  4,000,000   600,000  21,000,000  5,500,000   15,500,000
198 C401 1745       4       C  PLATINUM                                                11,866,000  4,000,000            16,466,000  8,500,000   7,966,000
199 C403 1745       4       C  PLATINUM  10-02-18 AMIN NIZAR ALI                       11,866,000  4,000,000   600,000  15,866,000  9,074,000   6,792,000
200 C404 1745       4       C  PLATINUM                                                17,200,000  4,000,000            21,200,000  18,200,000  3,000,000
201 C405 1745       4       C  PLATINUM  01-02-21 FARIDA                               11,866,000  3,700,000   550,000  15,566,000  13,091,000  2,475,000
202 C406 1745       4       C  PLATINUM                                                11,866,000  3,700,000   900,000  15,566,000  11,725,000  3,841,000
203 C503 1745       5       C  PLATINUM  16-06-23 KAREEM MAKNOJIA                      21,300,000  3,800,000   550,000  25,100,000  13,400,000  11,700,000
204 C504 1745       5       C  PLATINUM                                                11,866,000  3,700,000            16,166,000  14,366,000  1,800,000
205 C505 1745       5       C  PLATINUM  12-06-21 AMAN ABDUL MALIK VASTANI             11,866,000  4,000,000   600,000  15,866,000  9,000,000   6,866,000
206 C506 1745       5       C  PLATINUM                                                11,866,000  4,000,000   700,000  15,866,000  8,475,000   7,391,000
207 C603 1745       6       C  PLATINUM  03-02-19 RAHIM QASIM ALI                      11,866,000  4,000,000   550,000  15,866,000  8,250,000   7,616,000
208 C604 1745       6       C  PLATINUM                                                11,866,000  4,000,000   800,000  15,866,000  8,250,000   7,616,000
209 C605 1745       6       C  PLATINUM  21-08-23 KHUSH NADIR                          9,000,000   4,000,000   800,000  13,000,000  9,000,000   4,000,000
210 C606 1745       6       C  PLATINUM                                                9,000,000   4,000,000   600,000  13,000,000  9,000,000   4,000,000
211 C704 1745       7       C  PLATINUM  27-11-19 SADIQ                                11,866,000  4,000,000            15,866,000  10,915,000  4,951,000
212 C705 1745       7       C  PLATINUM                                                11,866,000  3,700,000   600,000  15,566,000  15,200,000   366,000
213 C706 1745       7       C  PLATINUM  25-11-19 AKBER ALI                            11,866,000  4,000,000   500,000  16,416,000  11,517,900  4,898,100
214 C804 1745       8       C  PLATINUM                                                11,866,000  4,000,000   550,000  16,766,000  9,750,000   7,016,000
215 C805 1745       8       C  PLATINUM  05-09-21 SUMAIRA RAHIM                        9,500,000   4,000,000   550,000  13,500,000  9,500,000   4,000,000
216 C806 1745       8       C  PLATINUM                                                11,866,000  4,000,000   550,000  16,416,000  13,052,500  3,363,500
217 C904 1745       9       C  PLATINUM  08-04-19 KARIM JAN MOHAMMAD ALI               11,866,000  4,000,000   550,000  15,866,000  9,000,000   6,866,000
218 C905 1745       9       C  PLATINUM                                                9,500,000   4,000,000   600,000  13,500,000  13,100,000   400,000
219 C906 1745       9       C  PLATINUM  08-04-19 KARIM JAN MOHAMMAD ALI               9,500,000   4,000,000            13,500,000  11,100,000  2,400,000
220 H1004 1745     10       H  PLATINUM                                                21,500,000  4,000,000            25,500,000  14,425,000  11,075,000
221 H101 1745       1       H  PLATINUM  19-02-19 NIZAR ALI                            11,866,000  4,000,000            16,466,000  10,523,000  5,943,000
222 H102 1745       1       H  PLATINUM                                                11,866,000  4,000,000            15,866,000  8,525,000   7,341,000
223 H103 1745       1       H  PLATINUM  19-02-19 NIZAR ALI                            11,866,000  4,000,000            16,566,000  12,600,000  3,966,000
224 H104 1745       1       H  PLATINUM                                                9,000,000   4,000,000            13,550,000  13,250,000   300,000
225 H105 1745       1       H  PLATINUM  04-05-19 ALI SHAH                             9,000,000   4,000,000            13,000,000  4,775,000   8,225,000
226 H106 1745       1       H  PLATINUM                                                11,866,000  4,000,000            15,866,000  4,775,000   11,091,000
227 H1103 1745     11       H  PLATINUM  16-06-21 DANISH                               22,000,000  3,700,000            26,500,000  2,000,000   24,500,000
228 H1104 1745     11       H  PLATINUM                                                22,000,000  3,700,000            26,500,000  2,000,000   24,500,000
229 H201 1745       2       H  PLATINUM  02-06-21 AMIR ALI                             11,866,000  4,000,000            16,466,000  10,223,000  6,243,000
230 H202 1745       2       H  PLATINUM                                                9,000,000   4,000,000            13,000,000  12,000,000  1,000,000
231 H203 1745       2       H  PLATINUM  05-12-19 RIZWAN                               11,866,000  4,000,000            15,866,000  10,000,000  5,866,000
232 H204 1745       2       H  PLATINUM                                                11,866,000  4,000,000            15,866,000  9,999,999   5,866,001
233 H205 1745       2       H  PLATINUM  08-09-21 SHAHANA ALI                          9,000,000   4,000,000            13,000,000  9,000,000   4,000,000
234 H206 1745       2       H  PLATINUM                                                11,866,000  4,000,000            16,466,000  11,175,000  5,291,000
235 H301 1745       3       H  PLATINUM  28-06-21 KHAWAT ALI                           13,500,000  4,000,000            18,000,000  14,000,000  4,000,000
236 H302 1745       3       H  PLATINUM                                                11,866,000  4,000,000            16,416,000  12,150,000  4,266,000
                                         26-11-19 RAZINA MOMIN
                    3       H  PLATINUM                                                11,866,000  4,000,000
                    3       H  PLATINUM  08-09-21 MUHAMMAD ALI                         11,866,000  3,800,000
                    3       H  PLATINUM                                                11,866,000  3,800,000
                    3       H  PLATINUM  08-09-21 ELYAAN ALI                           11,866,000  4,000,000
                    4       H  PLATINUM                                                11,866,000  4,000,000
                    4       H  PLATINUM  09-01-24 AMIN M. BARKAT ALI POKHRAJ/SHAHZAD   11,866,000  4,000,000
                    4       H  PLATINUM                                                21,000,000  4,000,000
                    4       H  PLATINUM  14-11-19 SAMINA                               11,866,000  4,000,000
                    4       H  PLATINUM                                                11,866,000  4,000,000
                                         20-06-19 ALI SHAH

                                         08-04-19 ALTAF HUSSAIN PATEL

                                         16-04-19 JAMEELA ABBAS

                                         31-01-19 NAZISH RAHIM (HOLD)

                                         28-02-19 ROZMIN

                                         12-04-26 HUSSAIN ALI

                                         12-04-26 PERVEEN HUSSAIN ALI

                                         13-06-21 SAMINA

                                         03-10-19 AMIR ALI

                                         23-01-19 MUSHTAQ BADARPURA

                                         21-01-19 MUSHTAQ BADARPURA

                                         16-07-20 MEHDI MUHAMMAD

                                         23-01-19 IMRAN BADARPURA

                                         14-03-22 RASHEEDA JAMAL

237 H303  1745                           15-04-19 KHURSHID KHALID IQBAL/ RAHIM KHALID                                   15,866,000  11,900,000  3,966,000
238 H304  1745                                        IQBAL                                                             16,216,000  14,641,000  1,575,000
239 H305  1745                                                                                                          16,216,000  14,641,000  1,575,000
240 H306  1745                           23-01-19 TALHA HUSSAIN RAJPUT                                                  15,866,000  7,959,966   7,906,034
241 H401  1745                                                                                                          15,866,000  7,225,362   8,640,638
242 H402  1745                           23-01-19 YASMEEN IQBAL ASWANI                                                  16,416,000  13,178,000  3,238,000
243 H403  1745                                                                                                          25,000,000  13,600,000  11,400,000
244 H404  1745                           23-01-19 YASMEEN M. ASWANI                                                     16,466,000  10,500,000  5,966,000
245 H405  1745                                                                                                          15,866,000  9,375,000   6,491,000
                                         19-02-20 RAHIM JINDHANI

                                         01-11-20 YASMEEN VAYANI

                                         13-02-19 MEHMOOD QASIM BHAI

                                         18-11-22 SHAHZAD

                                         29-08-21 AHMED

                                         23-01-19 IMRAN

                                                                            Page 5
                                                                   FM TOWER                                                                         01-01-17
                                                                                                                                                    19-06-26
Flat Sold Report                                                                                                         From Date
                                                                                                                          To Date:

Sr. FlatNo  Size Floor  Tower  Category  Date                      Name              Rate         Utility     Parking        Total      Receive     Balance

246 H406    1745  4         H  PLATINUM  27-03-22 AMIN MUHAMMAD                    18,200,000     4,000,000    600,000     22,200,000   11,000,000  11,200,000
247 H501                    H  PLATINUM                                            11,866,000     4,000,000                15,866,000
248 H504    1745  5         H  PLATINUM  15-12-21 SHAHZAD                          11,866,000     4,000,000    600,000     16,466,000   6,000,000   9,866,000
249 H505                    H  PLATINUM                                            11,866,000     4,000,000    500,000     15,866,000
250 H506    1745  5         H  PLATINUM  19-09-21 RAHIM                            11,866,000     4,000,000                15,866,000   12,300,000  4,166,000
251 H601                    H  PLATINUM                                            11,866,000     4,000,000    600,000     16,466,000
252 H602    1745  5         H  PLATINUM  28-10-21 UMER SHAHID                      18,500,000     4,000,000    600,000     22,500,000   8,310,000   7,556,000
253 H603                    H  PLATINUM                                            14,500,000     4,000,000                19,000,000
254 H604    1745  5         H  PLATINUM  16-12-21 SHAHZAD                          14,500,000     4,000,000    600,000     18,500,000   6,000,000   9,866,000
255 H605                    H  PLATINUM                                             9,000,000     4,000,000    600,000     13,000,000
256 H606    1745  6         H  PLATINUM  14-09-21 ASLAM                             9,000,000     4,000,000    600,000     13,000,000   11,944,000  4,522,000
257 H701                    H  PLATINUM                                            11,866,000     4,000,000    800,000     15,866,000
258 H703    1745  6         H  PLATINUM  25-12-22 SHER JAHAN SHAH                  11,866,000     4,000,000  41,800,000    16,466,000   12,100,000  10,400,000
259 H704                    H  PLATINUM                                            17,000,000     4,000,000                21,600,000
260 H705    1745  6         H  PLATINUM  26-05-22 RASHEEDA JAMAL                   11,000,000     4,000,000                15,000,000   14,500,000  4,500,000
261 H706                    H  PLATINUM                                            11,866,000     4,000,000                15,866,000
262 H803    1745  6         H  PLATINUM  24-02-22 SALMAN JAFFER ALI                13,625,000     4,000,000                18,225,000   14,000,000  4,500,000
263 H804                    H  PLATINUM                                            14,000,000     3,700,000                18,300,000
264 H806    1745  6         H  PLATINUM  25-01-22 ABDUL HAYAT                      17,300,000     3,700,000                21,600,000   9,000,000   4,000,000
265 H904                    H  PLATINUM                                            20,000,000     4,000,000                24,800,000
            1745  6                      25-01-22 FARHAN                         2,720,782,000  949,200,000              3,711,782,000  9,000,000   4,000,000
   Total
            1745  7                      09-01-22 ABDUL BASIT                                                                           4,900,000   10,966,000

            1745  7                      06-04-21 ZOHRA HASSAN                                                                          9,942,400   6,523,600

            1745  7                      09-04-22 NOOR SULTANA                                                                          20,999,714  600,286

            1745  7                      08-09-21 AKHTER ALI KHAWAJA                                                                    11,000,000  4,000,000

            1745  7                      09-01-22 AYESHA BANO                                                                           4,900,000   10,966,000

            1745  8                      09-04-26 SHAZIA GUL                                                                            14,225,000  4,000,000

            1745  8                      14-02-22 RAHIM HEMANI                                                                          16,900,000  1,400,000

            1745  8                      20-10-20 PARVEEN BANO MOMIN                                                                    14,840,800  6,759,200

            1745  9                      13-10-24 NARGIS IMTIAZ                                                                         20,050,000  4,750,000

            378317.000                                                                                                                  2,381,820,464 1,329,961,536

                                                                         Page 6
